0.954987
0.991022
0.967049
0.948983
0.796458
0.966523
0.91714
0.984376
0.973219
0.940609
0.997323
0.971236
0.742822
0.909732
0.956094
0.934839
0.928593
0.982599
0.718323
0.564471
0.886562
0.543313
0.602898
0.51863
0.80902
0.591305
0.732965
0.855599
0.502531
0.756575
0.967219
0.934897
0.508696
0.767923
0.960514
0.937355
0.840254
0.82587
0.985412
0.527276
0.964527
0.956184
0.986038
0.842577
0.952745
0.971156
0.988222
0.687747
0.988232
0.988187
0.937217
0.873048
0.908044
0.506966
0.903915
0.669733
0.62801
0.568487
0.851385
0.749208
0.574742
0.997348
0.925297
0.808184
0.957976
0.822304
0.892262
0.77836
0.629435
0.842666
0.613578
0.981348
0.892727
0.770188
0.783856
0.745568
0.916965
0.605085
0.776422
0.714081
0.758522
0.647889
0.990313
0.990385
0.507354
0.982093
0.522351
0.894062
0.80389
0.863838
0.82392
0.932391
0.9158
0.732186
0.61893
0.731799
0.530879
0.933195
0.924306
0.895832
0.776959
0.795885
0.780193
0.949293
0.951599
0.842666
0.877948
0.607555
0.961143
0.771426
0.629435
0.820341
0.820341
0.787238
0.672736
0.976553
0.868196
0.889714
0.855883
0.866823
0.9809
0.688011
0.549134
0.755771
0.993691
0.998577
0.502225
0.9066
0.946665
0.9351
0.947869
0.921094
0.974367
0.631753
0.886797
0.592184
0.50081
0.808088
0.61799
0.639368
0.801647
0.805685
0.941375
0.584312
0.593055
0.846516
0.745568
0.898346
0.942865
0.895052
0.825834
0.868029
0.968959
0.851429
0.53783
0.84022
0.854955
0.723735
0.644818
0.961639
0.791391
0.706604
0.864273
0.782276
0.987827
0.962616
0.926418
0.657235
0.769038
0.947461
0.835548
0.943939
0.998653
0.956627
0.60935
0.714334
0.533478
0.832187
0.500116
0.946926
0.619173
0.97779
0.79536
0.60703
0.820057
0.721254
0.774653
0.71956
0.663938
0.629879
0.578396
0.956703
0.998074
0.901312
0.959134
0.816437
0.724753
0.767779
0.653573
0.891359
0.996354
0.953966
0.56203
0.969927
0.576558
0.734105
0.963949
0.749182
0.969359
0.988815
0.99129
0.996778
0.801839
0.981926
0.923753
0.98441
0.997962
0.604831
0.999844
0.997841
0.548827
0.989368
0.81056
0.859736
0.894419
0.636076
0.980363
0.990748
0.61228
0.535693
0.767184
0.925543
0.619162
0.554692
0.793192
0.669144
0.673563
0.997607
0.897931
0.958956
0.57246
0.646895
0.747141
0.942797
0.86783
0.995685
0.964148
0.901053
0.901851
0.787033
0.895644
0.586396
0.924868
0.700772
0.948772
0.992407
0.851387
0.907133
0.984571
0.58524
0.954599
0.612287
0.525032
0.791781
0.999953
0.99952
0.689446
0.838369
0.783015
0.801347
0.740411
0.632696
0.973152
0.995906
0.760895
0.926244
0.985952
0.934587
0.704562
0.725034
0.922404
0.504993
0.580486
0.712538
0.998117
0.502495
0.697089
0.882625
0.952297
0.949673
0.99866
0.991927
0.916836
0.983074
0.944708
0.804776
0.771192
0.684937
0.731138
0.885984
0.783856
0.557872
0.962403
0.901072
0.927151
0.865856
0.518233
0.54912
0.674999
0.727571
0.684039
0.999978
0.992506
0.844851
0.555726
0.663035
0.919706
0.845438
0.782666
0.99279
0.997889
0.711632
0.966084
0.731973
0.83958
0.837191
0.925042
0.634097
0.851279
0.938181
0.609336
0.952147
0.986801
0.935077
0.697647
0.705611
0.954154
0.98737
0.678069
0.526457
0.89246
0.900525
0.849227
0.845919
0.975895
0.933368
0.999377
0.994993
0.932204
0.947369
0.626424
0.761022
0.999947
0.996794
0.99721
0.892208
0.848165
0.876109
0.953512
0.971788
0.981532
0.994178
0.807952
0.640368
0.552253
0.752514
0.940204
0.847988
0.840644
0.781252
0.972758
0.870195
0.553442
0.966449
0.976563
0.979603
0.962943
0.522534
0.504236
0.857011
0.595138
0.887239
0.543623
0.858762
0.952541
0.989617
0.993035
0.995853
0.997738
0.970793
0.635996
0.655366
0.577863
0.746154
0.793511
0.875463
0.999989
0.975974
0.91791
0.520351
0.865363
0.967719
0.605394
0.925981
0.913254
0.989581
0.983846
0.600516
0.862893
0.593617
0.794233
0.55536
0.851495
0.745992
0.829239
0.613459
0.816832
0.667615
0.569614
0.770039
0.730423
0.97894
0.896729
0.980119
0.839403
0.748762
0.523535
0.990531
0.810363
0.993286
0.992499
0.97035
0.865462
0.605015
0.522841
0.72151
0.507385
0.600894
0.954877
0.57056
0.986616
0.830323
0.926237
0.62154
0.825139
0.837577
0.937558
0.981877
0.932132
0.627939
0.658061
0.832685
0.536996
0.576543
0.555331
0.697133
0.51245
0.870742
0.778648
0.919864
0.977067
0.889222
0.949123
0.821121
0.879744
0.950406
0.870827
0.994528
0.987431
0.933243
0.807022
0.842081
0.631965
0.634796
0.951754
0.77353
0.9132
0.784319
0.845506
0.668206
0.974623
0.916429
0.989386
0.764279
0.74769
0.860505
0.728381
0.898374
0.609433
0.732882
0.512622
0.702846
0.850087
0.951628
0.74587
0.873637
0.923653
0.986306
0.99428
0.892026
0.543052
0.839551
0.958517
0.587727
0.783904
0.723479
0.51118
0.697133
0.751345
0.798295
0.577408
0.972212
0.80096
0.902567
0.918748
0.95267
0.969387
0.75737
0.882687
0.989659
0.980224
0.585054
0.746275
0.669377
0.858246
0.888743
0.863922
0.858315
0.908716
0.533495
0.502165
0.892969
0.964253
0.98577
0.998403
0.98472
0.696307
0.727098
0.856657
0.817083
0.655852
0.681132
0.990425
0.739708
0.852518
0.749503
0.562528
0.692901
0.75224
0.854009
0.99735
0.985747
0.600129
0.525275
0.979538
0.644057
0.694132
0.596574
0.791999
0.627493
0.71552
0.955012
0.928667
0.912939
0.60749
0.955848
0.983641
0.760952
0.720585
0.902037
0.926281
0.945759
0.941256
0.840653
0.857907
0.703873
0.601529
0.534867
0.647326
0.810337
0.596704
0.977166
0.890436
0.969344
0.983815
0.992524
0.995316
0.902646
0.861908
0.719584
0.817083
0.696015
0.550322
0.989881
0.949942
0.806385
0.818674
0.888979
0.955848
0.972276
0.995292
0.997655
0.936897
0.82077
0.76587
0.840125
0.612225
0.925558
0.946968
0.568704
0.79078
0.653646
0.587921
0.972406
0.937373
0.81753
0.712557
0.665632
0.527004
0.816048
0.875738
0.76837
0.732194
0.79867
0.556522
0.536029
0.794399
0.605015
0.91121
0.842464
0.803737
0.875142
0.905378
0.880498
0.818173
0.959822
0.951172
0.986116
0.649105
0.701262
0.600204
0.601202
0.53504
0.955576
0.99949
0.949501
0.57421
0.548118
0.972273
0.943541
0.967585
0.998524
0.997533
0.991441
0.881076
0.857406
0.942707
0.806072
0.974112
0.974112
0.581244
0.670946
0.62414
0.77909
0.938407
0.987594
0.941619
0.581465
0.533756
0.676704
0.706468
0.865499
0.863859
0.590286
0.827049
0.787986
0.956553
0.727548
0.714051
0.900081
0.963593
0.941326
0.997862
0.705831
0.968373
0.968343
0.763141
0.806697
0.506475
0.86511
0.618404
0.813798
0.728449
0.741164
0.977283
0.95693
0.936481
0.92728
0.923554
0.866084
0.61211
0.786538
0.711661
0.766718
0.867188
0.926083
0.988134
0.869116
0.966638
0.941019
0.974112
0.974112
0.506002
0.874662
0.802396
0.818317
0.858735
0.508741
0.949346
0.56433
0.719934
0.581838
0.919687
0.935166
0.677555
0.792758
0.984977
0.91463
0.672505
0.741959
0.581061
0.642535
0.738544
0.707665
0.550649
0.807284
0.527842
0.99604
0.998784
0.999974
0.999932
0.987388
0.527689
0.590954
0.546342
0.669152
0.683429
0.863726
0.766087
0.764284
0.572018
0.905289
0.977298
0.973218
0.773759
0.773759
0.790995
0.818317
0.738386
0.584272
0.524178
0.575418
0.526369
0.961768
0.521128
0.682772
0.845865
0.667253
0.561325
0.579637
0.899108
0.576936
0.506415
0.663306
0.702797
0.669232
0.857738
0.527842
0.995313
0.998326
0.999972
0.997244
0.999424
0.510562
0.590954
0.887312
0.759684
0.919616
0.963696
0.865945
0.879884
0.755581
0.567181
0.860662
0.973218
0.971855
0.773759
0.810215
0.818317
0.858735
0.530891
0.545237
0.782178
0.976606
0.742184
0.650829
0.962584
0.826606
0.901851
0.535229
0.577595
0.591184
0.96125
0.879912
0.788047
0.944094
0.712884
0.584989
0.999352
0.999044
0.998295
0.998585
0.979664
0.577804
0.873764
0.889629
0.815286
0.994989
0.893952
0.852056
0.92736
0.919718
0.607133
0.845527
0.860662
0.567144
0.971855
0.925725
0.925725
0.614467
0.548613
0.96578
0.968704
0.772283
0.561819
0.884394
0.826606
0.725412
0.520556
0.539801
0.594801
0.922119
0.879912
0.850436
0.93718
0.597713
0.645369
0.949823
0.998561
0.994606
0.994578
0.998607
0.822776
0.954669
0.949286
0.815286
0.991798
0.819105
0.881107
0.963522
0.500934
0.750293
0.700956
0.621839
0.761687
0.925725
0.548613
0.954194
0.938718
0.909523
0.75013
0.52165
0.707753
0.690634
0.790029
0.570816
0.594126
0.823295
0.947332
0.918146
0.89414
0.93718
0.908058
0.547054
0.999215
0.999934
0.995987
0.992689
0.997737
0.970121
0.910108
0.815286
0.920329
0.934249
0.841463
0.750293
0.737995
0.72151
0.607067
0.916604
0.927443
0.85792
0.705348
0.704658
0.723926
0.546557
0.540667
0.861798
0.799495
0.628782
0.773669
0.527204
0.970771
0.92149
0.916773
0.925314
0.562208
0.621262
0.997693
0.98851
0.996811
0.99873
0.99941
0.952857
0.590478
0.592097
0.920329
0.955851
0.849584
0.845222
0.780349
0.573852
0.922482
0.724481
0.893825
0.589437
0.628782
0.794436
0.601214
0.867442
0.888542
0.889023
0.923946
0.562208
0.757866
