120
240
*
0.000000
0.000000
0.000000
40.000000
0.000000
80.000000
0.000000
120.000000
0.000000
160.000000
0.000000
200.000000
0.000000
240.000000
0.000000
280.000000
0.000000
320.000000
0.000000
360.000000
0.000000
400.000000
0.000000
440.000000
0.000000
480.000000
0.000000
520.000000
0.000000
560.000000
0.000000
600.000000
0.000000
640.000000
0.000000
680.000000
0.000000
720.000000
0.000000
760.000000
0.000000
800.000000
0.000000
840.000000
0.000000
880.000000
0.000000
920.000000
0.000000
960.000000
0.000000
1000.000000
0.000000
1040.000000
0.000000
1080.000000
0.000000
1120.000000
0.000000
1160.000000
0.000000
1200.000000
0.000000
1240.000000
0.000000
1280.000000
0.000000
1320.000000
0.000000
1360.000000
0.000000
1400.000000
0.000000
1440.000000
0.000000
1480.000000
0.000000
1520.000000
0.000000
1560.000000
0.000000
1600.000000
0.000000
1640.000000
0.000000
1680.000000
0.000000
1720.000000
0.000000
1760.000000
0.000000
1800.000000
40.000000
0.000000
40.000000
40.000000
40.000000
80.000000
40.000000
120.000000
40.000000
160.000000
40.000000
200.000000
40.000000
240.000000
40.000000
280.000000
40.000000
320.000000
40.000000
360.000000
40.000000
400.000000
40.000000
440.000000
40.000000
480.000000
40.000000
520.000000
40.000000
560.000000
40.000000
600.000000
40.000000
640.000000
40.000000
680.000000
40.000000
720.000000
40.000000
760.000000
40.000000
800.000000
40.000000
840.000000
40.000000
880.000000
40.000000
920.000000
40.000000
960.000000
40.000000
1000.000000
40.000000
1040.000000
40.000000
1080.000000
40.000000
1120.000000
40.000000
1160.000000
40.000000
1200.000000
40.000000
1240.000000
40.000000
1280.000000
40.000000
1320.000000
40.000000
1360.000000
40.000000
1400.000000
40.000000
1440.000000
40.000000
1480.000000
40.000000
1520.000000
40.000000
1560.000000
40.000000
1600.000000
40.000000
1640.000000
40.000000
1680.000000
40.000000
1720.000000
40.000000
1760.000000
40.000000
1800.000000
80.000000
0.000000
80.000000
40.000000
80.000000
80.000000
80.000000
120.000000
80.000000
160.000000
80.000000
200.000000
80.000000
240.000000
80.000000
280.000000
80.000000
320.000000
80.000000
360.000000
80.000000
400.000000
80.000000
440.000000
80.000000
480.000000
80.000000
520.000000
80.000000
560.000000
80.000000
600.000000
80.000000
640.000000
80.000000
680.000000
80.000000
720.000000
80.000000
760.000000
80.000000
800.000000
80.000000
840.000000
80.000000
880.000000
80.000000
920.000000
80.000000
960.000000
80.000000
1000.000000
80.000000
1040.000000
80.000000
1080.000000
80.000000
1120.000000
80.000000
1160.000000
80.000000
1200.000000
80.000000
1240.000000
80.000000
1280.000000
80.000000
1320.000000
80.000000
1360.000000
80.000000
1400.000000
80.000000
1440.000000
80.000000
1480.000000
80.000000
1520.000000
80.000000
1560.000000
80.000000
1600.000000
80.000000
1640.000000
80.000000
1680.000000
80.000000
1720.000000
80.000000
1760.000000
80.000000
1800.000000
120.000000
0.000000
120.000000
40.000000
120.000000
80.000000
120.000000
120.000000
120.000000
160.000000
120.000000
200.000000
120.000000
240.000000
120.000000
280.000000
120.000000
320.000000
120.000000
360.000000
120.000000
400.000000
120.000000
440.000000
120.000000
480.000000
120.000000
520.000000
120.000000
560.000000
120.000000
600.000000
120.000000
640.000000
120.000000
680.000000
120.000000
720.000000
120.000000
760.000000
120.000000
800.000000
120.000000
840.000000
120.000000
880.000000
120.000000
920.000000
120.000000
960.000000
120.000000
1000.000000
120.000000
1040.000000
120.000000
1080.000000
120.000000
1120.000000
120.000000
1160.000000
120.000000
1200.000000
120.000000
1240.000000
120.000000
1280.000000
120.000000
1320.000000
120.000000
1360.000000
120.000000
1400.000000
120.000000
1440.000000
120.000000
1480.000000
120.000000
1520.000000
120.000000
1560.000000
120.000000
1600.000000
120.000000
1640.000000
120.000000
1680.000000
120.000000
1720.000000
120.000000
1760.000000
120.000000
1800.000000
160.000000
0.000000
160.000000
40.000000
160.000000
80.000000
160.000000
120.000000
160.000000
160.000000
160.000000
200.000000
160.000000
240.000000
160.000000
280.000000
160.000000
320.000000
160.000000
360.000000
160.000000
400.000000
160.000000
440.000000
160.000000
480.000000
160.000000
520.000000
160.000000
560.000000
160.000000
600.000000
160.000000
640.000000
160.000000
680.000000
160.000000
720.000000
160.000000
760.000000
160.000000
800.000000
160.000000
840.000000
160.000000
880.000000
160.000000
920.000000
160.000000
960.000000
160.000000
1000.000000
160.000000
1040.000000
160.000000
1080.000000
160.000000
1120.000000
160.000000
1160.000000
160.000000
1200.000000
160.000000
1240.000000
160.000000
1280.000000
160.000000
1320.000000
160.000000
1360.000000
160.000000
1400.000000
160.000000
1440.000000
160.000000
1480.000000
160.000000
1520.000000
160.000000
1560.000000
160.000000
1600.000000
160.000000
1640.000000
160.000000
1680.000000
160.000000
1720.000000
160.000000
1760.000000
160.000000
1800.000000
200.000000
0.000000
200.000000
40.000000
200.000000
80.000000
200.000000
120.000000
200.000000
160.000000
200.000000
200.000000
200.000000
240.000000
200.000000
280.000000
200.000000
320.000000
200.000000
360.000000
200.000000
400.000000
200.000000
440.000000
200.000000
480.000000
200.000000
520.000000
200.000000
560.000000
200.000000
600.000000
200.000000
640.000000
200.000000
680.000000
200.000000
720.000000
200.000000
760.000000
200.000000
800.000000
200.000000
840.000000
200.000000
880.000000
200.000000
920.000000
200.000000
960.000000
200.000000
1000.000000
200.000000
1040.000000
200.000000
1080.000000
200.000000
1120.000000
200.000000
1160.000000
200.000000
1200.000000
200.000000
1240.000000
200.000000
1280.000000
200.000000
1320.000000
200.000000
1360.000000
200.000000
1400.000000
200.000000
1440.000000
200.000000
1480.000000
200.000000
1520.000000
200.000000
1560.000000
200.000000
1600.000000
200.000000
1640.000000
200.000000
1680.000000
200.000000
1720.000000
200.000000
1760.000000
200.000000
1800.000000
240.000000
0.000000
240.000000
40.000000
240.000000
80.000000
240.000000
120.000000
240.000000
160.000000
240.000000
200.000000
240.000000
240.000000
240.000000
280.000000
240.000000
320.000000
240.000000
360.000000
240.000000
400.000000
240.000000
440.000000
240.000000
480.000000
240.000000
520.000000
240.000000
560.000000
240.000000
600.000000
240.000000
640.000000
240.000000
680.000000
240.000000
720.000000
240.000000
760.000000
240.000000
800.000000
240.000000
840.000000
240.000000
880.000000
240.000000
920.000000
240.000000
960.000000
240.000000
1000.000000
240.000000
1040.000000
240.000000
1080.000000
240.000000
1120.000000
240.000000
1160.000000
240.000000
1200.000000
240.000000
1240.000000
240.000000
1280.000000
240.000000
1320.000000
240.000000
1360.000000
240.000000
1400.000000
240.000000
1440.000000
240.000000
1480.000000
240.000000
1520.000000
240.000000
1560.000000
240.000000
1600.000000
240.000000
1640.000000
240.000000
1680.000000
240.000000
1720.000000
240.000000
1760.000000
240.000000
1800.000000
280.000000
0.000000
280.000000
40.000000
280.000000
80.000000
280.000000
120.000000
280.000000
160.000000
280.000000
200.000000
280.000000
240.000000
280.000000
280.000000
280.000000
320.000000
280.000000
360.000000
280.000000
400.000000
280.000000
440.000000
280.000000
480.000000
280.000000
520.000000
280.000000
560.000000
280.000000
600.000000
280.000000
640.000000
280.000000
680.000000
280.000000
720.000000
280.000000
760.000000
280.000000
800.000000
280.000000
840.000000
280.000000
880.000000
280.000000
920.000000
280.000000
960.000000
280.000000
1000.000000
280.000000
1040.000000
280.000000
1080.000000
280.000000
1120.000000
280.000000
1160.000000
280.000000
1200.000000
280.000000
1240.000000
280.000000
1280.000000
280.000000
1320.000000
280.000000
1360.000000
280.000000
1400.000000
280.000000
1440.000000
280.000000
1480.000000
280.000000
1520.000000
280.000000
1560.000000
280.000000
1600.000000
280.000000
1640.000000
280.000000
1680.000000
280.000000
1720.000000
280.000000
1760.000000
280.000000
1800.000000
320.000000
0.000000
320.000000
40.000000
320.000000
80.000000
320.000000
120.000000
320.000000
160.000000
320.000000
200.000000
320.000000
240.000000
320.000000
280.000000
320.000000
320.000000
320.000000
360.000000
320.000000
400.000000
320.000000
440.000000
320.000000
480.000000
320.000000
520.000000
320.000000
560.000000
320.000000
600.000000
320.000000
640.000000
320.000000
680.000000
320.000000
720.000000
320.000000
760.000000
320.000000
800.000000
320.000000
840.000000
320.000000
880.000000
320.000000
920.000000
320.000000
960.000000
320.000000
1000.000000
320.000000
1040.000000
320.000000
1080.000000
320.000000
1120.000000
320.000000
1160.000000
320.000000
1200.000000
320.000000
1240.000000
320.000000
1280.000000
320.000000
1320.000000
320.000000
1360.000000
320.000000
1400.000000
320.000000
1440.000000
320.000000
1480.000000
320.000000
1520.000000
320.000000
1560.000000
320.000000
1600.000000
320.000000
1640.000000
320.000000
1680.000000
320.000000
1720.000000
320.000000
1760.000000
320.000000
1800.000000
360.000000
0.000000
360.000000
40.000000
360.000000
80.000000
360.000000
120.000000
360.000000
160.000000
360.000000
200.000000
360.000000
240.000000
360.000000
280.000000
360.000000
320.000000
360.000000
360.000000
360.000000
400.000000
360.000000
440.000000
360.000000
480.000000
360.000000
520.000000
360.000000
560.000000
360.000000
600.000000
360.000000
640.000000
360.000000
680.000000
360.000000
720.000000
360.000000
760.000000
360.000000
800.000000
360.000000
840.000000
360.000000
880.000000
360.000000
920.000000
360.000000
960.000000
360.000000
1000.000000
360.000000
1040.000000
360.000000
1080.000000
360.000000
1120.000000
360.000000
1160.000000
360.000000
1200.000000
360.000000
1240.000000
360.000000
1280.000000
360.000000
1320.000000
360.000000
1360.000000
360.000000
1400.000000
360.000000
1440.000000
360.000000
1480.000000
360.000000
1520.000000
360.000000
1560.000000
360.000000
1600.000000
360.000000
1640.000000
360.000000
1680.000000
360.000000
1720.000000
360.000000
1760.000000
360.000000
1800.000000
400.000000
0.000000
400.000000
40.000000
400.000000
80.000000
400.000000
120.000000
400.000000
160.000000
400.000000
200.000000
400.000000
240.000000
400.000000
280.000000
400.000000
320.000000
400.000000
360.000000
400.000000
400.000000
400.000000
440.000000
400.000000
480.000000
400.000000
520.000000
400.000000
560.000000
400.000000
600.000000
400.000000
640.000000
400.000000
680.000000
400.000000
720.000000
400.000000
760.000000
400.000000
800.000000
400.000000
840.000000
400.000000
880.000000
400.000000
920.000000
400.000000
960.000000
400.000000
1000.000000
400.000000
1040.000000
400.000000
1080.000000
400.000000
1120.000000
400.000000
1160.000000
400.000000
1200.000000
400.000000
1240.000000
400.000000
1280.000000
400.000000
1320.000000
400.000000
1360.000000
400.000000
1400.000000
400.000000
1440.000000
400.000000
1480.000000
400.000000
1520.000000
400.000000
1560.000000
400.000000
1600.000000
400.000000
1640.000000
400.000000
1680.000000
400.000000
1720.000000
400.000000
1760.000000
400.000000
1800.000000
440.000000
0.000000
440.000000
40.000000
440.000000
80.000000
440.000000
120.000000
440.000000
160.000000
440.000000
200.000000
440.000000
240.000000
440.000000
280.000000
440.000000
320.000000
440.000000
360.000000
440.000000
400.000000
440.000000
440.000000
440.000000
480.000000
440.000000
520.000000
440.000000
560.000000
440.000000
600.000000
440.000000
640.000000
440.000000
680.000000
440.000000
720.000000
440.000000
760.000000
440.000000
800.000000
440.000000
840.000000
440.000000
880.000000
440.000000
920.000000
440.000000
960.000000
440.000000
1000.000000
440.000000
1040.000000
440.000000
1080.000000
440.000000
1120.000000
440.000000
1160.000000
440.000000
1200.000000
440.000000
1240.000000
440.000000
1280.000000
440.000000
1320.000000
440.000000
1360.000000
440.000000
1400.000000
440.000000
1440.000000
440.000000
1480.000000
440.000000
1520.000000
440.000000
1560.000000
440.000000
1600.000000
440.000000
1640.000000
440.000000
1680.000000
440.000000
1720.000000
440.000000
1760.000000
440.000000
1800.000000
480.000000
0.000000
480.000000
40.000000
480.000000
80.000000
480.000000
120.000000
480.000000
160.000000
480.000000
200.000000
480.000000
240.000000
480.000000
280.000000
480.000000
320.000000
480.000000
360.000000
480.000000
400.000000
480.000000
440.000000
480.000000
480.000000
480.000000
520.000000
480.000000
560.000000
480.000000
600.000000
480.000000
640.000000
480.000000
680.000000
480.000000
720.000000
480.000000
760.000000
480.000000
800.000000
480.000000
840.000000
480.000000
880.000000
480.000000
920.000000
480.000000
960.000000
480.000000
1000.000000
480.000000
1040.000000
480.000000
1080.000000
480.000000
1120.000000
480.000000
1160.000000
480.000000
1200.000000
480.000000
1240.000000
480.000000
1280.000000
480.000000
1320.000000
480.000000
1360.000000
480.000000
1400.000000
480.000000
1440.000000
480.000000
1480.000000
480.000000
1520.000000
480.000000
1560.000000
480.000000
1600.000000
480.000000
1640.000000
480.000000
1680.000000
480.000000
1720.000000
480.000000
1760.000000
480.000000
1800.000000
520.000000
0.000000
520.000000
40.000000
520.000000
80.000000
520.000000
120.000000
520.000000
160.000000
520.000000
200.000000
520.000000
240.000000
520.000000
280.000000
520.000000
320.000000
520.000000
360.000000
520.000000
400.000000
520.000000
440.000000
520.000000
480.000000
520.000000
520.000000
520.000000
560.000000
520.000000
600.000000
520.000000
640.000000
520.000000
680.000000
520.000000
720.000000
520.000000
760.000000
520.000000
800.000000
520.000000
840.000000
520.000000
880.000000
520.000000
920.000000
520.000000
960.000000
520.000000
1000.000000
520.000000
1040.000000
520.000000
1080.000000
520.000000
1120.000000
520.000000
1160.000000
520.000000
1200.000000
520.000000
1240.000000
520.000000
1280.000000
520.000000
1320.000000
520.000000
1360.000000
520.000000
1400.000000
520.000000
1440.000000
520.000000
1480.000000
520.000000
1520.000000
520.000000
1560.000000
520.000000
1600.000000
520.000000
1640.000000
520.000000
1680.000000
520.000000
1720.000000
520.000000
1760.000000
520.000000
1800.000000
560.000000
0.000000
560.000000
40.000000
560.000000
80.000000
560.000000
120.000000
560.000000
160.000000
560.000000
200.000000
560.000000
240.000000
560.000000
280.000000
560.000000
320.000000
560.000000
360.000000
560.000000
400.000000
560.000000
440.000000
560.000000
480.000000
560.000000
520.000000
560.000000
560.000000
560.000000
600.000000
560.000000
640.000000
560.000000
680.000000
560.000000
720.000000
560.000000
760.000000
560.000000
800.000000
560.000000
840.000000
560.000000
880.000000
560.000000
920.000000
560.000000
960.000000
560.000000
1000.000000
560.000000
1040.000000
560.000000
1080.000000
560.000000
1120.000000
560.000000
1160.000000
560.000000
1200.000000
560.000000
1240.000000
560.000000
1280.000000
560.000000
1320.000000
560.000000
1360.000000
560.000000
1400.000000
560.000000
1440.000000
560.000000
1480.000000
560.000000
1520.000000
560.000000
1560.000000
560.000000
1600.000000
560.000000
1640.000000
560.000000
1680.000000
560.000000
1720.000000
560.000000
1760.000000
560.000000
1800.000000
600.000000
0.000000
600.000000
40.000000
600.000000
80.000000
600.000000
120.000000
600.000000
160.000000
600.000000
200.000000
600.000000
240.000000
600.000000
280.000000
600.000000
320.000000
600.000000
360.000000
600.000000
400.000000
600.000000
440.000000
600.000000
480.000000
600.000000
520.000000
600.000000
560.000000
600.000000
600.000000
600.000000
640.000000
600.000000
680.000000
600.000000
720.000000
600.000000
760.000000
600.000000
800.000000
600.000000
840.000000
600.000000
880.000000
600.000000
920.000000
600.000000
960.000000
600.000000
1000.000000
600.000000
1040.000000
600.000000
1080.000000
600.000000
1120.000000
600.000000
1160.000000
600.000000
1200.000000
600.000000
1240.000000
600.000000
1280.000000
600.000000
1320.000000
600.000000
1360.000000
600.000000
1400.000000
600.000000
1440.000000
600.000000
1480.000000
600.000000
1520.000000
600.000000
1560.000000
600.000000
1600.000000
600.000000
1640.000000
600.000000
1680.000000
600.000000
1720.000000
600.000000
1760.000000
600.000000
1800.000000
640.000000
0.000000
640.000000
40.000000
640.000000
80.000000
640.000000
120.000000
640.000000
160.000000
640.000000
200.000000
640.000000
240.000000
640.000000
280.000000
640.000000
320.000000
640.000000
360.000000
640.000000
400.000000
640.000000
440.000000
640.000000
480.000000
640.000000
520.000000
640.000000
560.000000
640.000000
600.000000
640.000000
640.000000
640.000000
680.000000
640.000000
720.000000
640.000000
760.000000
640.000000
800.000000
640.000000
840.000000
640.000000
880.000000
640.000000
920.000000
640.000000
960.000000
640.000000
1000.000000
640.000000
1040.000000
640.000000
1080.000000
640.000000
1120.000000
640.000000
1160.000000
640.000000
1200.000000
640.000000
1240.000000
640.000000
1280.000000
640.000000
1320.000000
640.000000
1360.000000
640.000000
1400.000000
640.000000
1440.000000
640.000000
1480.000000
640.000000
1520.000000
640.000000
1560.000000
640.000000
1600.000000
640.000000
1640.000000
640.000000
1680.000000
640.000000
1720.000000
640.000000
1760.000000
640.000000
1800.000000
680.000000
0.000000
680.000000
40.000000
680.000000
80.000000
680.000000
120.000000
680.000000
160.000000
680.000000
200.000000
680.000000
240.000000
680.000000
280.000000
680.000000
320.000000
680.000000
360.000000
680.000000
400.000000
680.000000
440.000000
680.000000
480.000000
680.000000
520.000000
680.000000
560.000000
680.000000
600.000000
680.000000
640.000000
680.000000
680.000000
680.000000
720.000000
680.000000
760.000000
680.000000
800.000000
680.000000
840.000000
680.000000
880.000000
680.000000
920.000000
680.000000
960.000000
680.000000
1000.000000
680.000000
1040.000000
680.000000
1080.000000
680.000000
1120.000000
680.000000
1160.000000
680.000000
1200.000000
680.000000
1240.000000
680.000000
1280.000000
680.000000
1320.000000
680.000000
1360.000000
680.000000
1400.000000
680.000000
1440.000000
680.000000
1480.000000
680.000000
1520.000000
680.000000
1560.000000
680.000000
1600.000000
680.000000
1640.000000
680.000000
1680.000000
680.000000
1720.000000
680.000000
1760.000000
680.000000
1800.000000
720.000000
0.000000
720.000000
40.000000
720.000000
80.000000
720.000000
120.000000
720.000000
160.000000
720.000000
200.000000
720.000000
240.000000
720.000000
280.000000
720.000000
320.000000
720.000000
360.000000
720.000000
400.000000
720.000000
440.000000
720.000000
480.000000
720.000000
520.000000
720.000000
560.000000
720.000000
600.000000
720.000000
640.000000
720.000000
680.000000
720.000000
720.000000
720.000000
760.000000
720.000000
800.000000
720.000000
840.000000
720.000000
880.000000
720.000000
920.000000
720.000000
960.000000
720.000000
1000.000000
720.000000
1040.000000
720.000000
1080.000000
720.000000
1120.000000
720.000000
1160.000000
720.000000
1200.000000
720.000000
1240.000000
720.000000
1280.000000
720.000000
1320.000000
720.000000
1360.000000
720.000000
1400.000000
720.000000
1440.000000
720.000000
1480.000000
720.000000
1520.000000
720.000000
1560.000000
720.000000
1600.000000
720.000000
1640.000000
720.000000
1680.000000
720.000000
1720.000000
720.000000
1760.000000
720.000000
1800.000000
760.000000
0.000000
760.000000
40.000000
760.000000
80.000000
760.000000
120.000000
760.000000
160.000000
760.000000
200.000000
760.000000
240.000000
760.000000
280.000000
760.000000
320.000000
760.000000
360.000000
760.000000
400.000000
760.000000
440.000000
760.000000
480.000000
760.000000
520.000000
760.000000
560.000000
760.000000
600.000000
760.000000
640.000000
760.000000
680.000000
760.000000
720.000000
760.000000
760.000000
760.000000
800.000000
760.000000
840.000000
760.000000
880.000000
760.000000
920.000000
760.000000
960.000000
760.000000
1000.000000
760.000000
1040.000000
760.000000
1080.000000
760.000000
1120.000000
760.000000
1160.000000
760.000000
1200.000000
760.000000
1240.000000
760.000000
1280.000000
760.000000
1320.000000
760.000000
1360.000000
760.000000
1400.000000
760.000000
1440.000000
760.000000
1480.000000
760.000000
1520.000000
760.000000
1560.000000
760.000000
1600.000000
760.000000
1640.000000
760.000000
1680.000000
760.000000
1720.000000
760.000000
1760.000000
760.000000
1800.000000
800.000000
0.000000
800.000000
40.000000
800.000000
80.000000
800.000000
120.000000
800.000000
160.000000
800.000000
200.000000
800.000000
240.000000
800.000000
280.000000
800.000000
320.000000
800.000000
360.000000
800.000000
400.000000
800.000000
440.000000
800.000000
480.000000
800.000000
520.000000
800.000000
560.000000
800.000000
600.000000
800.000000
640.000000
800.000000
680.000000
800.000000
720.000000
800.000000
760.000000
800.000000
800.000000
800.000000
840.000000
800.000000
880.000000
800.000000
920.000000
800.000000
960.000000
800.000000
1000.000000
800.000000
1040.000000
800.000000
1080.000000
800.000000
1120.000000
800.000000
1160.000000
800.000000
1200.000000
800.000000
1240.000000
800.000000
1280.000000
800.000000
1320.000000
800.000000
1360.000000
800.000000
1400.000000
800.000000
1440.000000
800.000000
1480.000000
800.000000
1520.000000
800.000000
1560.000000
800.000000
1600.000000
800.000000
1640.000000
800.000000
1680.000000
800.000000
1720.000000
800.000000
1760.000000
800.000000
1800.000000
840.000000
0.000000
840.000000
40.000000
840.000000
80.000000
840.000000
120.000000
840.000000
160.000000
840.000000
200.000000
840.000000
240.000000
840.000000
280.000000
840.000000
320.000000
840.000000
360.000000
840.000000
400.000000
840.000000
440.000000
840.000000
480.000000
840.000000
520.000000
840.000000
560.000000
840.000000
600.000000
840.000000
640.000000
840.000000
680.000000
840.000000
720.000000
840.000000
760.000000
840.000000
800.000000
840.000000
840.000000
840.000000
880.000000
840.000000
920.000000
840.000000
960.000000
840.000000
1000.000000
840.000000
1040.000000
840.000000
1080.000000
840.000000
1120.000000
840.000000
1160.000000
840.000000
1200.000000
840.000000
1240.000000
840.000000
1280.000000
840.000000
1320.000000
840.000000
1360.000000
840.000000
1400.000000
840.000000
1440.000000
840.000000
1480.000000
840.000000
1520.000000
840.000000
1560.000000
840.000000
1600.000000
840.000000
1640.000000
840.000000
1680.000000
840.000000
1720.000000
840.000000
1760.000000
840.000000
1800.000000
*
0.000000
0.000000
0.000000
40.000000
0.000000
80.000000
0.000000
120.000000
0.000000
160.000000
0.000000
200.000000
0.000000
240.000000
0.000000
280.000000
0.000000
320.000000
0.000000
360.000000
0.000000
400.000000
0.000000
440.000000
0.000000
480.000000
0.000000
520.000000
0.000000
560.000000
0.000000
600.000000
0.000000
640.000000
0.000000
680.000000
0.000000
720.000000
0.000000
760.000000
0.000000
800.000000
0.000000
840.000000
0.000000
880.000000
0.000000
920.000000
40.000000
0.000000
40.000000
40.000000
40.000000
80.000000
40.000000
120.000000
40.000000
160.000000
40.000000
200.000000
40.000000
240.000000
40.000000
280.000000
40.000000
320.000000
40.000000
360.000000
40.000000
400.000000
40.000000
440.000000
40.000000
480.000000
40.000000
520.000000
40.000000
560.000000
40.000000
600.000000
40.000000
640.000000
40.000000
680.000000
40.000000
720.000000
40.000000
760.000000
40.000000
800.000000
40.000000
840.000000
40.000000
880.000000
40.000000
920.000000
80.000000
0.000000
80.000000
40.000000
80.000000
80.000000
80.000000
120.000000
80.000000
160.000000
80.000000
200.000000
80.000000
240.000000
80.000000
280.000000
80.000000
320.000000
80.000000
360.000000
80.000000
400.000000
80.000000
440.000000
80.000000
480.000000
80.000000
520.000000
80.000000
560.000000
80.000000
600.000000
80.000000
640.000000
80.000000
680.000000
80.000000
720.000000
80.000000
760.000000
80.000000
800.000000
80.000000
840.000000
80.000000
880.000000
80.000000
920.000000
120.000000
0.000000
120.000000
40.000000
120.000000
80.000000
120.000000
120.000000
120.000000
160.000000
120.000000
200.000000
120.000000
240.000000
120.000000
280.000000
120.000000
320.000000
120.000000
360.000000
120.000000
400.000000
120.000000
440.000000
120.000000
480.000000
120.000000
520.000000
120.000000
560.000000
120.000000
600.000000
120.000000
640.000000
120.000000
680.000000
120.000000
720.000000
120.000000
760.000000
120.000000
800.000000
120.000000
840.000000
120.000000
880.000000
120.000000
920.000000
160.000000
0.000000
160.000000
40.000000
160.000000
80.000000
160.000000
120.000000
160.000000
160.000000
160.000000
200.000000
160.000000
240.000000
160.000000
280.000000
160.000000
320.000000
160.000000
360.000000
160.000000
400.000000
160.000000
440.000000
160.000000
480.000000
160.000000
520.000000
160.000000
560.000000
160.000000
600.000000
160.000000
640.000000
160.000000
680.000000
160.000000
720.000000
160.000000
760.000000
160.000000
800.000000
160.000000
840.000000
160.000000
880.000000
160.000000
920.000000
200.000000
0.000000
200.000000
40.000000
200.000000
80.000000
200.000000
120.000000
200.000000
160.000000
200.000000
200.000000
200.000000
240.000000
200.000000
280.000000
200.000000
320.000000
200.000000
360.000000
200.000000
400.000000
200.000000
440.000000
200.000000
480.000000
200.000000
520.000000
200.000000
560.000000
200.000000
600.000000
200.000000
640.000000
200.000000
680.000000
200.000000
720.000000
200.000000
760.000000
200.000000
800.000000
200.000000
840.000000
200.000000
880.000000
200.000000
920.000000
*
*
-