115.629032258
409.712903226
155.838709677
157.774193548
508.532258065
293.583870968
109.387096774
144.225806452
614.983870968
119.390322581
70.6774193548
186.806451613
707.887096774
88.4225806452
78.4193548387
179.064516129
349.822580645
165.841935484
86.1612903226
173.258064516
200.790322581
218.1
109.387096774
171.322580645
49.8225806452
262.616129032
122.935483871
132.612903226
165.951612903
7.13225806452
117.129032258
169.387096774
32.4032258065
140.680645161
136.483870968
105.516129032
736.919354839
223.906451613
113.258064516
175.193548387
516.274193548
440.680645161
109.387096774
111.322580645
415.629032258
101.970967742
76.4838709677
190.677419355
