1547.73368412
249.45497653
98.5462893271
203.482449058
1439.84157623
245.021054288
83.76654852
203.482449058
1339.33933874
239.109157965
98.5462893271
204.960423139
1275.78645327
342.567343615
105.936159731
222.696112107
406.737693813
468.195140476
139.929563587
265.557360448
321.015197132
778.569697426
170.967019282
301.028738385
226.424855966
774.135775184
128.105770941
305.462660627
1549.2116582
583.477118772
165.055122959
326.154297757
1717.70070341
633.728237516
157.665252556
301.028738385
