0.928845
0.968432
0.974281
0.959233
0.964114
0.952468
0.930703
0.897046
0.883557
0.837727
0.887008
0.880085
0.948462
0.956964
0.898605
0.827138
0.864018
0.687084
0.71672
0.73762
0.575678
0.523306
0.619088
0.605897
0.653102
0.630742
0.71081
0.829301
0.869299
0.562808
0.756659
0.803787
0.803921
0.632684
0.767896
0.843857
0.796192
0.774747
0.929096
0.94722
0.919296
0.893843
0.59825
0.911332
0.970001
0.983001
0.97191
0.950098
0.837861
0.816662
0.722985
0.794637
0.760172
0.740204
0.853554
0.934401
0.936292
0.897869
0.84998
0.880775
0.713129
0.684069
0.594309
0.630202
0.505974
0.697346
0.500719
0.615513
0.679097
0.686969
0.805019
0.653462
0.850261
0.976994
0.968507
0.528486
0.634682
0.724703
0.78895
0.775252
0.85819
0.908267
0.931382
0.931552
0.563249
0.914273
0.978646
0.985447
0.965741
0.953533
0.913974
0.885997
0.752753
0.779618
0.524554
0.57749
0.796007
0.918052
0.924649
0.91708
0.923181
0.922599
0.842226
0.640684
0.587852
0.500338
0.578382
0.826656
0.590265
0.639521
0.636787
0.745092
0.826121
0.570974
0.929329
0.921092
0.953973
0.805586
0.698543
0.63711
0.753413
0.542708
0.725823
0.780889
0.888082
0.859536
0.608707
0.662546
0.830753
0.92217
0.964116
0.973447
0.964856
0.934314
0.890301
0.859633
0.886905
0.856479
0.672737
0.655897
0.911725
0.871214
0.911521
0.879071
0.847819
0.773644
0.744222
0.603664
0.555564
0.671746
0.773776
0.703716
0.545289
0.605878
0.703477
0.805982
0.883673
0.675216
0.941797
0.964525
0.945837
0.743914
0.605433
0.52847
0.683908
0.610411
0.768731
0.741528
0.839813
0.804358
0.775397
0.533606
0.871067
0.94826
0.975576
0.982618
0.958678
0.881737
0.910093
0.860502
0.776381
0.756596
0.650731
0.638738
0.882339
0.769788
0.804139
0.876018
0.863855
0.843054
0.796136
0.553227
0.529282
0.570874
0.881427
0.51878
0.807274
0.651436
0.647203
0.735634
0.627974
0.734913
0.944514
0.989111
0.982734
0.814629
0.628667
0.565089
0.763865
0.688143
0.750271
0.881343
0.870847
0.85239
0.52294
0.885763
0.890786
0.900287
0.924545
0.964635
0.963112
0.961295
0.974323
0.955278
0.945212
0.874515
0.690804
0.533391
0.525664
0.577328
0.750127
0.600888
0.819633
0.753922
0.747345
0.769679
0.68376
0.545782
0.555504
0.522866
0.663522
0.576236
0.784729
0.67135
0.769985
0.552441
0.825514
0.943524
0.982472
0.971901
0.85996
0.700445
0.669706
0.532589
0.583461
0.546675
0.823735
0.792406
0.730823
0.561409
0.941821
0.945736
0.962204
0.954339
0.84598
0.934722
0.805865
0.884542
0.931726
0.953108
0.931544
0.899532
0.678326
0.718202
0.513339
0.579784
0.844618
0.818382
0.838495
0.843395
0.784385
0.77902
0.856304
0.510534
0.749605
0.576339
0.804114
0.610287
0.625598
0.654036
0.845598
0.753828
0.902458
0.981431
0.978541
0.960134
0.799446
0.813069
0.832167
0.84246
0.704875
0.54779
0.628239
0.81317
0.573983
0.603539
0.95548
0.955833
0.957077
0.937702
0.943678
0.860664
0.923978
0.876954
0.957128
0.943182
0.900717
0.928639
0.913117
0.631503
0.84258
0.607842
0.857616
0.851819
0.842284
0.837261
0.768666
0.700052
0.854466
0.694605
0.649466
0.747059
0.570976
0.887768
0.940647
0.969924
0.977532
0.922009
0.910636
0.946682
0.911111
0.754489
0.521302
0.859879
0.597427
0.729069
0.573756
0.936835
0.962921
0.950645
0.934841
0.971523
0.874127
0.894627
0.78671
0.889656
0.775625
0.87865
0.839252
0.916749
0.585497
0.757064
0.718112
0.893075
0.866843
0.793273
0.806047
0.757004
0.846134
0.731094
0.525491
0.532791
0.539328
0.569489
0.64554
0.772634
0.849633
0.943534
0.91304
0.830562
0.892214
0.95824
0.692328
0.659926
0.870414
0.806597
0.574338
0.893826
0.857258
0.933758
0.950014
0.949068
0.952888
0.969303
0.973794
0.919691
0.758184
0.906727
0.78648
0.766221
0.71684
0.880829
0.79074
0.860006
0.550202
0.700951
0.893339
0.822774
0.787807
0.801524
0.852931
0.779949
0.7668
0.562078
0.767662
0.797342
0.771373
0.66952
0.707486
0.615414
0.922514
0.711763
0.923101
0.949553
0.907892
0.517763
0.744302
0.916106
0.56283
0.598291
0.664412
0.838611
0.940976
0.953584
0.949034
0.953256
0.96554
0.971939
0.914009
0.968643
0.966167
0.983446
0.986815
0.939585
0.95112
0.94735
0.943518
0.946591
0.886784
0.861642
0.894971
0.919363
0.924523
0.915467
0.868666
0.880411
0.833497
0.755463
0.828636
0.645674
0.658495
0.545279
0.575566
0.653836
0.535121
0.650337
0.60998
0.537459
0.516534
0.89037
0.902427
0.947886
0.837427
0.928715
0.956328
0.861157
0.505871
0.645563
0.769683
0.82608
0.851832
0.946453
0.902696
0.926423
0.934344
0.95709
0.945406
0.964424
0.968958
0.969442
0.956865
0.976664
0.981183
0.967749
0.928751
0.919811
0.941302
0.980747
0.944
0.899175
0.908617
0.919143
0.913768
0.950029
0.945398
0.89014
0.907162
0.850829
0.811792
0.743451
0.572304
0.572662
0.690539
0.690768
0.660391
0.507757
0.538599
0.600983
0.647948
0.71405
0.872305
0.89233
0.891531
0.948956
0.966801
0.941965
0.720828
0.584091
0.685
0.765818
0.895351
0.759918
0.938465
0.92035
0.932854
0.94732
0.96228
0.959844
0.955581
0.960915
0.950573
0.956975
0.94156
0.966737
0.969581
0.971679
0.931077
0.964311
0.917431
0.962161
0.949889
0.941894
0.917493
0.875523
0.903382
0.953155
0.941037
0.922928
0.900724
0.862886
0.812708
0.825912
0.564615
0.610187
0.655494
0.714601
0.63306
0.779346
0.580443
0.595833
0.636291
0.754712
0.889598
0.931617
0.870511
0.972718
0.980377
0.730989
0.519121
0.774776
0.627094
0.692917
0.719511
0.900234
0.922155
0.91229
0.957508
0.977973
0.960476
0.970503
0.962992
0.975909
0.983938
0.897338
0.943143
0.973844
0.960475
0.964829
0.938395
0.948819
0.944077
0.949746
0.804451
0.867855
0.873798
0.92901
0.976147
0.955714
0.94028
0.912657
0.879366
0.844583
0.911087
0.700172
0.659944
0.649213
0.631427
0.709288
0.572626
0.604011
0.742562
0.57349
0.698979
0.91731
0.83158
0.855988
0.988078
0.969613
0.667083
0.780005
0.555753
0.511614
0.795502
0.624778
0.800547
0.877808
0.896165
0.955482
0.929788
0.95961
0.947467
0.962599
0.974211
0.959767
0.868605
0.930737
0.975993
0.97583
0.963635
0.955745
0.940246
0.954495
0.9735
0.723901
0.844364
0.874723
0.903376
0.964415
0.958617
0.89662
0.91882
0.933413
0.846936
0.787074
0.739365
0.738497
0.65489
0.691826
0.545308
0.744481
0.744429
0.577525
0.671401
0.672147
0.509799
0.516891
0.892501
0.937699
0.633045
0.634442
0.667672
0.681803
0.761982
0.658978
0.882561
0.935828
0.894997
0.948861
0.954303
0.948238
0.955246
0.954275
0.978298
0.976383
0.973477
0.948349
0.946314
0.959038
0.979464
0.964351
0.972244
0.971255
0.981412
0.971495
0.956649
0.971054
0.954418
0.930592
0.86354
0.868511
0.878906
0.70957
0.650018
0.653604
0.691585
0.699452
0.748179
0.51397
0.53096
0.642653
0.539414
0.509024
0.618215
0.529888
0.645856
0.651911
0.676504
0.690285
0.720597
0.8182
0.808389
0.823086
0.829457
0.804761
0.861795
0.899531
0.919394
0.913253
0.955102
0.970674
0.979586
0.967998
0.964016
0.967649
0.973983
0.960002
0.960849
0.96645
0.960895
0.943629
0.941164
0.904526
0.888943
0.780416
0.69242
0.791752
0.739696
0.728584
0.738251
0.640142
0.540244
0.643787
0.552858
0.767594
0.529475
0.747895
0.635575
0.717707
0.727334
0.755675
0.860372
0.805217
0.783758
0.812756
0.76209
0.751606
0.874241
0.92266
0.94997
0.944733
0.982882
0.963999
0.950017
0.935186
0.959705
0.971851
0.962787
0.960996
0.973488
0.96578
0.9446
0.89258
0.923496
0.882784
0.82607
0.761003
0.904874
0.765161
0.773744
0.682352
0.877788
0.74028
0.702437
0.723332
0.637234
0.764872
0.787169
0.772732
0.723063
0.763401
0.885881
0.73388
0.788513
0.827134
0.836557
0.855951
0.877927
0.93756
0.91408
0.942352
0.969432
0.974548
0.954432
0.938377
0.946835
0.953649
0.962924
0.96448
0.972929
0.959286
0.929266
0.921105
0.910628
0.947816
0.861651
0.840726
0.898171
0.776869
0.6226
0.687684
0.861976
0.854406
0.798565
0.742919
0.733827
0.688084
0.68023
0.667784
0.655636
0.773857
0.776862
0.781303
0.730079
0.702574
0.841254
0.904458
0.909955
0.942546
0.902128
0.964274
0.973263
0.951537
0.939643
0.965277
0.974666
0.963016
0.97048
0.971485
0.963728
0.955262
0.951815
0.892896
0.912559
0.900167
0.822303
0.804602
0.920341
0.8085
0.750326
0.899463
0.721943
0.817435
0.765755
0.683293
0.737141
0.820072
0.824757
0.805865
0.82546
0.76744
0.704785
0.797781
0.879523
0.938625
0.916186
0.947354
0.954951
0.968192
0.975547
0.940807
0.954944
0.976329
0.963824
0.957267
0.964923
0.881946
0.891222
0.902396
0.83428
0.853367
0.837071
0.845275
0.722879
0.810458
0.734696
0.816039
0.766502
0.785337
0.758164
0.774088
0.853859
0.7078
0.865041
0.815675
0.770035
0.839905
0.93108
0.959937
0.828663
0.945161
0.977501
0.98154
0.96827
0.922375
0.96037
0.972925
0.957111
0.969981
0.874081
0.829735
0.910968
0.809319
0.865428
0.845115
0.737169
0.770985
0.723423
0.892949
0.744038
0.735206
0.797965
0.74811
0.851977
0.952816
0.962434
